
Group members: Alexandre Dalyac ad6813


Dependency matrix for the HepatitisC data set:

[[ 0.     0.045  0.026  0.048  0.034  0.024  0.039  0.086  0.016]
 [ 0.045  0.     0.009  0.06   0.069  0.03   0.071  0.083  0.003]
 [ 0.026  0.009  0.     0.012  0.007  0.002  0.007  0.005  0.001]
 [ 0.048  0.06   0.012  0.     0.539  0.275  0.032  0.032  0.006]
 [ 0.034  0.069  0.007  0.539  0.     0.606  0.041  0.051  0.008]
 [ 0.024  0.03   0.002  0.275  0.606  0.     0.025  0.041  0.016]
 [ 0.039  0.071  0.007  0.032  0.041  0.025  0.     0.063  0.004]
 [ 0.086  0.083  0.005  0.032  0.051  0.041  0.063  0.     0.032]
 [ 0.016  0.003  0.001  0.006  0.008  0.016  0.004  0.032  0.   ]]



Dependency list for the HepatitisC data set:

[[ 0.606  5.     4.   ]
 [ 0.606  4.     5.   ]
 [ 0.539  3.     4.   ]
 [ 0.539  4.     3.   ]
 [ 0.275  5.     3.   ]
 [ 0.275  3.     5.   ]
 [ 0.086  7.     0.   ]
 [ 0.086  0.     7.   ]
 [ 0.083  7.     1.   ]
 [ 0.083  1.     7.   ]
 [ 0.071  6.     1.   ]
 [ 0.071  1.     6.   ]
 [ 0.069  4.     1.   ]
 [ 0.069  1.     4.   ]
 [ 0.063  7.     6.   ]
 [ 0.063  6.     7.   ]
 [ 0.06   3.     1.   ]
 [ 0.06   1.     3.   ]
 [ 0.051  7.     4.   ]
 [ 0.051  4.     7.   ]
 [ 0.048  3.     0.   ]
 [ 0.048  0.     3.   ]
 [ 0.045  1.     0.   ]
 [ 0.045  0.     1.   ]
 [ 0.041  5.     7.   ]
 [ 0.041  7.     5.   ]
 [ 0.041  6.     4.   ]
 [ 0.041  4.     6.   ]
 [ 0.039  6.     0.   ]
 [ 0.039  0.     6.   ]
 [ 0.034  0.     4.   ]
 [ 0.034  4.     0.   ]
 [ 0.032  3.     7.   ]
 [ 0.032  7.     3.   ]
 [ 0.032  8.     7.   ]
 [ 0.032  7.     8.   ]
 [ 0.032  3.     6.   ]
 [ 0.032  6.     3.   ]
 [ 0.03   5.     1.   ]
 [ 0.03   1.     5.   ]
 [ 0.026  2.     0.   ]
 [ 0.026  0.     2.   ]
 [ 0.025  5.     6.   ]
 [ 0.025  6.     5.   ]
 [ 0.024  0.     5.   ]
 [ 0.024  5.     0.   ]
 [ 0.016  8.     5.   ]
 [ 0.016  5.     8.   ]
 [ 0.016  8.     0.   ]
 [ 0.016  0.     8.   ]
 [ 0.012  2.     3.   ]
 [ 0.012  3.     2.   ]
 [ 0.009  1.     2.   ]
 [ 0.009  2.     1.   ]
 [ 0.008  8.     4.   ]
 [ 0.008  4.     8.   ]
 [ 0.007  4.     2.   ]
 [ 0.007  2.     4.   ]
 [ 0.007  6.     2.   ]
 [ 0.007  2.     6.   ]
 [ 0.006  8.     3.   ]
 [ 0.006  3.     8.   ]
 [ 0.005  7.     2.   ]
 [ 0.005  2.     7.   ]
 [ 0.004  6.     8.   ]
 [ 0.004  8.     6.   ]
 [ 0.003  8.     1.   ]
 [ 0.003  1.     8.   ]
 [ 0.002  5.     2.   ]
 [ 0.002  2.     5.   ]
 [ 0.001  8.     2.   ]
 [ 0.001  2.     8.   ]
 [ 0.     8.     8.   ]
 [ 0.     7.     7.   ]
 [ 0.     6.     6.   ]
 [ 0.     5.     5.   ]
 [ 0.     4.     4.   ]
 [ 0.     3.     3.   ]
 [ 0.     2.     2.   ]
 [ 0.     1.     1.   ]
 [ 0.     0.     0.   ]]

Note that for any 2 vertices u, v, only one edge between the two was
kept (ie it was assumed this is an edge list for an undirected graph).
It wasn't sure whether you wanted the loop edges removes as well
(eg the edge from vertex 8 to vertex 8, the edge from vertex 7 to
vertex 7, etc), so I left them there - but I'm aware that it may be
undesirable to have them there. Note that they are left out when finding max
weighted tree.

 

Spanning tree found for the HepatitisC data set: 


[[0, 1, 2, 3, 4, 5, 6, 7, 8]
 [(5.0, 4.0), (4.0, 3.0), (7.0, 0.0), (7.0, 1.0), (6.0, 1.0), (4.0, 1.0), (8.0, 7.0), (2.0, 0.0)]]
